Quadro III.1 >> Distribuição da população por escalão de despesa média mensal com combustível do agregado e por município de residência,,,,,,,,,,,,
,,,,,,,,Unidade: %,,,,Índice
Esc. despesa,Total,"Não há despesa, habitualmente",Menos de 30 euros,Entre 30 e menos de 60 euros,Entre 60 e menos de 100 euros,Entre 100 e menos de 150 euros,Entre 150 e menos de 250 euros,250 ou mais euros,,,,
Municípios,,,,,,,,,,,,
,,,,,,,,,,,,
AML,100.0,20.3,8.1,17.2,20.0,16.2,11.8,6.4,,,,
Alcochete,100.0,8.4,5.9,9.0,17.0,20.1,27.6,12.0,,,,
Almada,100.0,23.8,8.1,16.4,21.2,14.5,9.7,6.4,,,,
Amadora,100.0,23.5,8.7,20.8,19.3,15.3,9.4,2.9,,,,
Barreiro,100.0,26.6,10.9,18.5,16.8,16.0,7.8,3.5,,,,
Cascais,100.0,13.6,6.3,14.7,19.3,16.0,16.3,13.8,,,,
Lisboa,100.0,30.1,8.6,16.8,19.9,12.0,8.1,4.5,,,,
Loures,100.0,21.7,6.6,17.8,20.7,17.4,12.0,3.9,,,,
Mafra,100.0,5.0,6.4,17.8,16.5,17.8,22.1,14.5,,,,
Moita,100.0,24.9,11.4,17.4,20.3,13.4,10.2,2.4,,,,
Montijo,100.0,13.3,7.1,12.7,18.7,21.9,14.8,11.5,,,,
Odivelas,100.0,26.5,9.3,17.4,22.2,11.9,7.7,5.0,,,,
Oeiras,100.0,13.5,10.6,15.4,21.0,17.9,12.2,9.4,,,,
Palmela,100.0,7.3,8.2,14.7,15.7,21.6,19.7,12.8,,,,
Seixal,100.0,18.0,7.7,24.4,23.0,16.8,7.5,2.7,,,,
Sesimbra,100.0,6.2,4.3,14.6,25.9,19.4,22.0,7.6,,,,
Setúbal,100.0,20.1,9.8,18.8,20.0,16.3,12.5,2.6,,,,
Sintra,100.0,18.8,6.6,16.6,19.8,19.0,12.2,7.2,,,,
Vila Franca de Xira,100.0,15.5,8.8,16.4,17.2,20.4,16.4,5.3,,,,
,,,,,,,,,,,,
Fonte: Inquérito à Mobilidade nas Áreas Metropolitanas do Porto e de Lisboa,,,,,,,,,,,,
,,,,,,,,,,,,
,,,,,,,,,,,,
,,,,,,,,,,,,
,,,,,,,,,,,,
,,,,,,,,,,,,
,,,,,,,,,,,,
,,,,,,,,,,,,
,,,,,,,,,,,,
,,,,,,,,,,,,
,,,,,,,,,,,,
,,,,,,,,,,,,
,,,,,,,,,,,,
,,,,,,,,,,,,
,,,,,,,,,,,,
,,,,,,,,,,,,
,,,,,,,,,,,,
,,,,,,,,,,,,
,,,,,,,,,,,,
,,,,,,,,,,,,
,,,,,,,,,,,,
,,,,,,,,,,,,
,,,,,,,,,,,,
,,,,,,,,,,,,
,,,,,,,,,,,,
,,,,,,,,,,,,
,,,,,,,,,,,,
,,,,,,,,,,,,
,,,,,,,,,,,,
,,,,,,,,,,,,
,,,,,,,,,,,,
